0 0 8 
5 5 0 
-5 5 0 


0 3.33333 2.66667 
0 3.33333 2.66667 
0 0 8 


5 5 0 
0 3.33333 2.66667 
5 5 0 


-5 5 0 
0 3.33333 2.66667 
0 0 8 


-5 5 0 
0 0 8 
-5 5 0 


-5 -5 0 
-3.33333 0 2.66667 
0 0 8 


-5 5 0 
-3.33333 0 2.66667 
-5 5 0 


-5 -5 0 
-3.33333 0 2.66667 
0 0 8 


-5 -5 0 
0 0 8 
-5 -5 0 


5 -5 0 
0 -3.33333 2.66667 
0 0 8 


-5 -5 0 
0 -3.33333 2.66667 
-5 -5 0 


5 -5 0 
0 -3.33333 2.66667 
0 0 8 


5 -5 0 
0 0 8 
5 -5 0 


5 5 0 
3.33333 0 2.66667 
0 0 8 


5 -5 0 
3.33333 0 2.66667 
5 -5 0 


5 5 0 
3.33333 0 2.66667 
0 0 8 


5 5 0 
0 0 -8 
5 5 0 


-5 5 0 
0 3.33333 -2.66667 
0 0 -8 


5 5 0 
0 3.33333 -2.66667 
5 5 0 


-5 5 0 
0 3.33333 -2.66667 
0 0 -8 


-5 5 0 
0 0 -8 
-5 5 0 


-5 -5 0 
-3.33333 0 -2.66667 
0 0 -8 


-5 5 0 
-3.33333 0 -2.66667 
-5 5 0 


-5 -5 0 
-3.33333 0 -2.66667 
0 0 -8 


-5 -5 0 
0 0 -8 
-5 -5 0 


5 -5 0 
0 -3.33333 -2.66667 
0 0 -8 


-5 -5 0 
0 -3.33333 -2.66667 
-5 -5 0 


5 -5 0 
0 -3.33333 -2.66667 
0 0 -8 


5 -5 0 
0 0 -8 
5 -5 0 


5 5 0 
3.33333 0 -2.66667 
0 0 -8 


5 -5 0 
3.33333 0 -2.66667 
5 -5 0 


5 5 0 
3.33333 0 -2.66667 
0 0 -8 


5 5 0 
